[gd_scene load_steps=8 format=3 uid="uid://c5kvfh6sadcyi"]

[ext_resource type="PackedScene" uid="uid://bky7innyvrd5x" path="res://assets/elevatorNew/staircaseRepeat.glb" id="1_ow43k"]
[ext_resource type="Material" uid="uid://ljva6rwrrncc" path="res://assets/materials/stairs.tres" id="2_a2f10"]
[ext_resource type="Material" uid="uid://b5gw0xwi7px1f" path="res://assets/materials/moulding.tres" id="2_m5xxj"]

[sub_resource type="BoxShape3D" id="BoxShape3D_yrfad"]
size = Vector3(1.95, 0.085, 3.645)

[sub_resource type="BoxShape3D" id="BoxShape3D_jen6v"]
size = Vector3(4.13, 0.04, 2.17)

[sub_resource type="BoxShape3D" id="BoxShape3D_eeo37"]
size = Vector3(0.1, 0.505, 3.86)

[sub_resource type="BoxShape3D" id="BoxShape3D_8cric"]
size = Vector3(0.455, 1, 0.155)

[node name="staircaseRepeat" instance=ExtResource("1_ow43k")]

[node name="Cube_008" parent="." index="1"]
surface_material_override/0 = ExtResource("2_a2f10")

[node name="Cube_009" parent="." index="2"]
surface_material_override/0 = ExtResource("2_a2f10")

[node name="Cube_012" parent="." index="4"]
surface_material_override/0 = ExtResource("2_a2f10")

[node name="emergency exit_002" parent="." index="11"]
surface_material_override/0 = ExtResource("2_m5xxj")

[node name="Cube_011" parent="." index="12"]
surface_material_override/0 = ExtResource("2_a2f10")

[node name="OmniLight3D2" type="OmniLight3D" parent="." index="13"]
transform = Transform3D(1, 0, 0, 0, 1, 0, 0, 0, 1, 0, 1.50471, 2.37973)
light_color = Color(0.881269, 0.626416, 0, 1)
light_energy = 0.18
shadow_blur = 4.79
omni_range = 2.74992

[node name="OmniLight3D6" type="OmniLight3D" parent="." index="14"]
transform = Transform3D(1, 0, 0, 0, 1, 0, 0, 0, 1, 0, 1.69902, 2.37973)
light_color = Color(0.881269, 0.626416, 0, 1)
light_energy = 0.18
shadow_blur = 4.79
omni_range = 1.0038

[node name="OmniLight3D" type="OmniLight3D" parent="." index="15"]
transform = Transform3D(1, 0, 0, 0, 1, 0, 0, 0, 1, 0, 0.22176, 2.37973)
light_color = Color(0.824746, 0.919732, 0.852873, 1)
light_energy = 0.05
shadow_blur = 4.79
omni_range = 5.55737

[node name="OmniLight3D3" type="OmniLight3D" parent="." index="16"]
transform = Transform3D(1, 0, 0, 0, 1, 0, 0, 0, 1, 0, 1.50471, -2.59573)
light_color = Color(0.881269, 0.626416, 0, 1)
light_energy = 0.18
shadow_blur = 4.79
omni_range = 2.74992

[node name="OmniLight3D7" type="OmniLight3D" parent="." index="17"]
transform = Transform3D(1, 0, 0, 0, 1, 0, 0, 0, 1, 0, 1.69902, -2.59573)
light_color = Color(0.881269, 0.626416, 0, 1)
light_energy = 0.18
shadow_blur = 4.79
omni_range = 1.0038

[node name="OmniLight3D4" type="OmniLight3D" parent="." index="18"]
transform = Transform3D(1, 0, 0, 0, 1, 0, 0, 0, 1, 0, 0.22176, -2.59573)
light_color = Color(0.824746, 0.919732, 0.852873, 1)
light_energy = 0.05
shadow_blur = 4.79
omni_range = 5.55737

[node name="TopStairs" type="StaticBody3D" parent="." index="20"]
transform = Transform3D(1, 0, 0, 0, 0.998917, -0.0465311, 0, 0.0465311, 0.998917, -1.21418, 1.17752, -0.150952)

[node name="CollisionShape3D" type="CollisionShape3D" parent="TopStairs" index="0"]
transform = Transform3D(1, 0, 0, 0, 0.839421, 0.543482, 0, -0.543482, 0.839421, 0, 0, 0)
shape = SubResource("BoxShape3D_yrfad")

[node name="BottomStairs" type="StaticBody3D" parent="." index="21"]
transform = Transform3D(1, 0, 0, 0, 0.480315, -0.877096, 0, 0.877096, 0.480315, 1.17644, -0.859906, 0.0064047)

[node name="CollisionShape3D" type="CollisionShape3D" parent="BottomStairs" index="0"]
transform = Transform3D(1, 0, 0, 0, 0.839421, 0.543482, 0, -0.543482, 0.839421, 0, 0, 0)
shape = SubResource("BoxShape3D_yrfad")

[node name="MidPlatform" type="StaticBody3D" parent="." index="22"]
transform = Transform3D(1, 0, 0, 0, 1, 0, 0, 0, 1, 0.0359057, 0.138944, -3.06386)

[node name="CollisionShape3D" type="CollisionShape3D" parent="MidPlatform" index="0"]
shape = SubResource("BoxShape3D_jen6v")

[node name="MidPlatform2" type="StaticBody3D" parent="." index="23"]
transform = Transform3D(1, 0, 0, 0, 1, 0, 0, 0, 1, 0.0359057, -1.8908, 2.90309)

[node name="CollisionShape3D" type="CollisionShape3D" parent="MidPlatform2" index="0"]
shape = SubResource("BoxShape3D_jen6v")

[node name="StaticBody3D" type="StaticBody3D" parent="." index="24"]
transform = Transform3D(1, 0, 0, 0, 0.864976, 0.501813, 0, -0.501813, 0.864976, -0.17582, 1.79249, -0.183163)

[node name="CollisionShape3D" type="CollisionShape3D" parent="StaticBody3D" index="0"]
shape = SubResource("BoxShape3D_eeo37")

[node name="StaticBody3D2" type="StaticBody3D" parent="." index="25"]
transform = Transform3D(1, 0, 0, 0, 0.883324, -0.468763, 0, 0.468763, 0.883324, 0.183605, -0.215095, -0.162127)

[node name="CollisionShape3D" type="CollisionShape3D" parent="StaticBody3D2" index="0"]
shape = SubResource("BoxShape3D_eeo37")

[node name="StaticBody3D3" type="StaticBody3D" parent="." index="26"]
transform = Transform3D(1, 0, 0, 0, 1, 0, 0, 0, 1, 0, -1.48105, 1.8184)

[node name="CollisionShape3D" type="CollisionShape3D" parent="StaticBody3D3" index="0"]
shape = SubResource("BoxShape3D_8cric")

[node name="StaticBody3D4" type="StaticBody3D" parent="." index="27"]
transform = Transform3D(1, 0, 0, 0, 1, 0, 0, 0, 1, 0.0170523, 0.606485, -2.05506)

[node name="CollisionShape3D" type="CollisionShape3D" parent="StaticBody3D4" index="0"]
shape = SubResource("BoxShape3D_8cric")
